110110010000110110110000110110110000110111110000111111110000111111010000110110110000110011100000
011111110000110111110000010111010000110111110000011111010000011111010000011111010000110111110000
101111110000100111010000111101110000011101110000011101110000111111110000010101010000001111110000
111111110000101111110000101110110000111110110000111111110000100111110000101110110000111111110000
111110110000110010110000111011110000110111110000101110110000100110110000110010110000111111110000
111101110000101111110000011011110000011011110000101001110000101011110000011000110000111101110000
011011100000111101110000111011110000011111110000111011110000111111100000011001110000111111110000
111011110000110111000000111111100000110111110000111111010000111011010000100111000000111111110000
001011010000010101110000011111010000000101110000110111010000000011000000101101010000110111010000
111011110000111011100000101111110000101011110000111111110000111011110000101111100000111111110000
101111100000101110100000101111100000101011100000111010110000111111100000111010110000111011110000
110111110000111111010000111011110000111111110000111011010000110011010000111011010000111111110000
111011110000111111110000111111110000111111110000111111110000111011110000111111110000111111110000
111111110000111110110000101111110000101111110000111110110000101110110000111110110000111111110000
111011010000110011110000111011110000111111110000111011110000111111110000110011110000111111110000
100011100000100110110000110111110000110111110000101010110000101011110000111110100000110111110000
101110110000100111110000000110100000011110100000111010110000101010110000000110100000111111110000
001101110000001011110000011111110000101001110000101110110000001110110000011000110000101111110000
111001110000011011110000111101110000011001110000111101110000111011110000011001110000111111110000
111111110000111111110000111011100000111101110000011011110000011011110000111011100000111111110000
111011100000111111010000111011100000110111110000110011000000110011100000111111000000111111110000
111111110000111111100000111111110000111111100000111111110000111111110000111011100000111111110000
111111110000111111110000111111110000111111110000111111110000111111110000111111110000111111110000
111011110000111111110000101011110000101011110000111111110000111111110000111011110000101111110000
110101100000111111110000110011100000110011110000010111100000011101110000110011100000011111110000
110101110000110101010000011101110000011101110000110111010000010111010000010111010000011111110000
111011110000111111110000111111110000111111100000111111110000111111110000111011100000111111110000
111111110000111111110000111111110000111111110000111111110000111111110000111111110000111111110000
101111110000111110010000100001110000111001110000110011010000000111010000101000010000101111110000
111111110000111111110000111111110000111111110000111111110000111111110000111111110000111111110000
110111010000111111100000110111010000111011000000110011010000111111110000110011100000111011010000
100011110000100011010000001011110000011011010000011111100000001001100000001011010000110011110000
000111010001011111110001100111010001111111010001100110010001101110010001000111010001111001100000
011010000000111001100000111000110000111100110000100100010000000100000000001110100000111011110000
111001010000111111110000100100010000110111010000100000000000100000000000100111010000101101110000
110001100000010011010000010001110000111101110000110101000000110001000000011011110000110110110000
110001110000111101010000000101110000010111110000000101110000001001100000000111000000111111110000
010101010000110111100000011011110000111011110000010011010000110001010000010011100000110111110000
101100100000111001010000011000100000111111100000011100100000001100100000011001000000011101110000
101011000000111100010000111011010000111111110000111011010000101111000000101000010000111111010000
010000100000111010110000010000110000110111110000010110000000010000000000011001110000111011110000
111101000000101100100000111001110000101011100000111001110000111101100000101010000000101111110000
111011110000111011110000111110110000111011110000111110110000111010110000111010110000111011100000
110001000000111010100000001111010000001111100000101101100000001001000000000010010000011011110000
111010110000011101010000010111110000010111110000010110100000110010100000010101010000011111110000
111100110000111111000000001010010000001110010000000110010000001010010000001000100000111011110000
111111010000110100110000111001010000111110000000110000000000111000000000111011010000110011110000
001110100000111001010000100010100000101110110000100110100000000110100000100000000000111111110000
110111010000000000110000100011110000110111110000010111010000111010010000100000110000010111100000
101100110000101010000000100100110000110111110000010000110000010100110000100100000000001010110000
011011100000001100010000011101100000111101100000101101100000111101100000011110010000100111110000
011000000000111111010000011100000000111111110000011010010000111000000000011101100000111111110000
111011100000111101110000110110100000110110000000110111100000110111000000110100000000111111110000
110111110000111011000000110011110000110111100000110111110000111111100000110011000000111111110000
010101110000000110000000100101010000111111010000101101000000100101000000101100110000001011110000
111110100000111100000000111110010000111111010000100110000000100010000000111000110000111110110000
000100000000100011010000111111010000110111010000000010010000001000000000100111100000100111110000
100101010000011101100000100101110000001100010000101100110000100100010000000111000000111111110000
101010110000101011010000111010010000101111010000101110010000101110010000111011110000101011110000
111111000000111100000000111111010000111111100000011111000000111101000000101110110000011111110000
010111010000111101000000011011010000101011010000011011010000000011010000011001100000101111110000
111111010000111110100000111111010000111111110000110111010000110111010000111110100000111111110000
101110100000111010010000110010110000100111110000100110010000100110010000110011100000101111110000
101110010000101110000000111100100000111101100000110100110000110000110000111101110000101111000000
